*DISPLACEMENTS
1 0 0
2 0 6.189608151320141e-05
3 0 7.52046156518272e-05
4 0 4.5056754244619984e-05
5 0 0
6 2.8493380473977688e-05 5.583757686932659e-05
7 1.782463222610874e-05 8.079907444780751e-05
8 1.4865005650597263e-05 4.495688009830132e-05
9 4.6175427970196084e-05 0.00011049477957391314

*ELEMENT_STRAINS
1 0.0
2 0.0
3 0.0
4 0.0
5 4.216547867165213e-06
6 -6.058504643874826e-07
7 1.836381258035742e-06
8 5.594458795980306e-07
9 2.678347621464813e-06
10 -9.98741463186645e-09
11 2.991094287444929e-06
12 -1.066874824786895e-06
13 -2.959626575511477e-07
14 3.6169625100402468e-06
15 2.9695705126105635e-06
16 4.842416089760532e-06

*ELEMENT_STRESSES
1 0.0
2 0.0
3 0.0
4 0.0
5 885475.0521046948
6 -127228.59752137135
7 385640.0641875058
8 117483.63471558644
9 562453.0005076107
10 -2097.3570726919543
11 628129.800363435
12 -224043.71320524794
13 -62152.15808574101
14 759562.1271084518
15 623609.8076482184
16 1016907.3788497117

*REACTION_FORCES
1 FX = -44254.544255493915
1 FY = -44254.544255493915
2 FX = -19273.63763294331
3 FX = 0.0
4 FX = 9402.705015072643
5 FX = 15791.379956181898
5 FY = -15791.379956181898
